0.3
0.3090301003344482
0.3180602006688963
0.3270903010033445
0.3361204013377926
0.3451505016722408
0.3541806020066889
0.3632107023411371
0.3722408026755853
0.3812709030100334
0.3903010033444816
0.3993311036789298
0.4083612040133779
0.4173913043478261
0.4264214046822742
0.4354515050167224
0.4444816053511705
0.4535117056856187
0.4625418060200669
0.4715719063545151
0.4806020066889632
0.4896321070234114
0.4986622073578595
0.5076923076923077
0.5167224080267558
0.525752508361204
0.5347826086956522
0.5438127090301004
0.5528428093645485
0.5618729096989967
0.5709030100334449
0.579933110367893
0.5889632107023411
0.5979933110367893
0.6070234113712374
0.6160535117056856
0.6250836120401337
0.6341137123745819
0.6431438127090301
0.6521739130434783
0.6612040133779264
0.6702341137123746
0.6792642140468228
0.688294314381271
0.6973244147157192
0.7063545150501672
0.7153846153846154
0.7244147157190636
0.7334448160535116
0.7424749163879598
0.751505016722408
0.7605351170568562
0.7695652173913043
0.7785953177257525
0.7876254180602007
0.7966555183946489
0.8056856187290971
0.8147157190635452
0.8237458193979934
0.8327759197324416
0.8418060200668898
0.8508361204013377
0.8598662207357859
0.8688963210702341
0.8779264214046822
0.8869565217391304
0.8959866220735786
0.9050167224080268
0.914046822742475
0.9230769230769231
0.9321070234113713
0.9411371237458195
0.9501672240802677
0.9591973244147158
0.968227424749164
0.977257525083612
0.9862876254180601
0.9953177257525083
1.004347826086956
1.013377926421405
1.022408026755853
1.031438127090301
1.040468227424749
1.049498327759197
1.058528428093646
1.067558528428094
1.076588628762542
1.08561872909699
1.094648829431438
1.103678929765886
1.112709030100334
1.121739130434783
1.130769230769231
1.139799331103679
1.148829431438127
1.157859531772575
1.166889632107023
1.175919732441472
1.18494983277592
1.193979933110368
1.203010033444816
1.212040133779264
1.221070234113713
1.230100334448161
1.239130434782609
1.248160535117057
1.257190635451505
1.266220735785953
1.275250836120401
1.28428093645485
1.293311036789298
1.302341137123746
1.311371237458194
1.320401337792642
1.32943143812709
1.338461538461539
1.347491638795987
1.356521739130435
1.365551839464883
1.374581939799331
1.383612040133779
1.392642140468227
1.401672240802676
1.410702341137124
1.419732441471572
1.42876254180602
1.437792642140468
1.446822742474916
1.455852842809365
1.464882943143813
1.473913043478261
1.482943143812709
1.491973244147157
1.501003344481606
1.510033444816054
1.519063545150502
1.52809364548495
1.537123745819398
1.546153846153846
1.555183946488294
1.564214046822743
1.573244147157191
1.582274247491639
1.591304347826087
1.600334448160535
1.609364548494983
1.618394648829432
1.62742474916388
1.636454849498328
1.645484949832776
1.654515050167224
1.663545150501672
1.67257525083612
1.681605351170569
1.690635451505017
1.699665551839465
1.708695652173913
1.717725752508361
1.72675585284281
1.735785953177258
1.744816053511706
1.753846153846154
1.762876254180602
1.77190635451505
1.780936454849498
1.789966555183947
1.798996655518395
1.808026755852843
1.817056856187291
1.826086956521739
1.835117056856187
1.844147157190636
1.853177257525084
1.862207357859532
1.87123745819398
1.880267558528428
1.889297658862876
1.898327759197325
1.907357859531773
1.916387959866221
1.925418060200669
1.934448160535117
1.943478260869565
1.952508361204013
1.961538461538462
1.97056856187291
1.979598662207358
1.988628762541806
1.997658862876254
2.006688963210702
2.015719063545151
2.024749163879599
2.033779264214047
2.042809364548495
2.051839464882943
2.060869565217391
2.069899665551839
2.078929765886288
2.087959866220736
2.096989966555184
2.106020066889632
2.11505016722408
2.124080267558528
2.133110367892977
2.142140468227425
2.151170568561873
2.160200668896321
2.169230769230769
2.178260869565217
2.187290969899665
2.196321070234114
2.205351170568562
2.21438127090301
2.223411371237458
2.232441471571907
2.241471571906354
2.250501672240803
2.259531772575251
2.268561872909699
2.277591973244147
2.286622073578596
2.295652173913044
2.304682274247492
2.31371237458194
2.322742474916388
2.331772575250836
2.340802675585284
2.349832775919733
2.358862876254181
2.367892976588629
2.376923076923077
2.385953177257525
2.394983277591973
2.404013377926421
2.41304347826087
2.422073578595318
2.431103678929766
2.440133779264214
2.449163879598662
2.45819397993311
2.467224080267559
2.476254180602007
2.485284280936455
2.494314381270903
2.503344481605351
2.512374581939799
2.521404682274247
2.530434782608696
2.539464882943144
2.548494983277592
2.55752508361204
2.566555183946488
2.575585284280936
2.584615384615385
2.593645484949833
2.602675585284281
2.611705685618729
2.620735785953177
2.629765886287625
2.638795986622073
2.647826086956522
2.65685618729097
2.665886287625418
2.674916387959866
2.683946488294314
2.692976588628762
2.702006688963211
2.711036789297659
2.720066889632107
2.729096989966555
2.738127090301004
2.747157190635451
2.756187290969899
2.765217391304348
2.774247491638796
2.783277591973244
2.792307692307692
2.801337792642141
2.810367892976589
2.819397993311037
2.828428093645485
2.837458193979933
2.846488294314381
2.85551839464883
2.864548494983278
2.873578595317726
2.882608695652174
2.891638795986622
2.90066889632107
2.909698996655518
2.918729096989967
2.927759197324415
2.936789297658863
2.945819397993311
2.954849498327759
2.963879598662207
2.972909698996656
2.981939799331104
2.990969899665552
3


